Num, Area, Area_dff
100, 0.68055, 0.263968
600, 0.988417, 0.0439
1100, 0.874992, 0.0695249
1600, 0.899298, 0.0452196
2100, 0.986102, 0.0415852
2600, 0.916124, 0.0283928
3100, 0.893809, 0.0507079
3600, 0.923603, 0.0209143
4100, 0.934274, 0.0102436
4600, 1.02928, 0.0847611
5100, 0.916931, 0.0275863
5600, 0.932283, 0.0122338
6100, 0.910056, 0.0344615
6600, 0.945699, 0.00118149
7100, 0.981799, 0.0372816
7600, 0.938954, 0.00556353
8100, 0.888195, 0.056322
8600, 0.98691, 0.0423927
9100, 0.966872, 0.0223546
9600, 0.880056, 0.0644613
10100, 0.926009, 0.0185078
10600, 0.955704, 0.0111871
11100, 0.974841, 0.030324
11600, 0.942041, 0.00247574
12100, 0.872582, 0.0719354
12600, 0.945979, 0.00146207
13100, 0.903936, 0.0405812
13600, 0.959346, 0.0148289
14100, 0.943254, 0.00126314
14600, 0.931594, 0.0129235
15100, 0.949679, 0.00516166
15600, 0.914255, 0.0302625
16100, 0.927528, 0.0169892
16600, 0.949372, 0.00485525
17100, 0.940944, 0.00357362
17600, 0.898745, 0.045772
18100, 0.923871, 0.0206457
18600, 0.953397, 0.00887937
19100, 0.939637, 0.00488038
19600, 0.935012, 0.00950564
20100, 0.945611, 0.00109355
20600, 0.925491, 0.0190265
21100, 0.940421, 0.00409636
21600, 0.928104, 0.0164133
22100, 0.960336, 0.0158187
22600, 0.970493, 0.0259757
23100, 0.971372, 0.0268547
23600, 0.939669, 0.00484803
24100, 0.950026, 0.00550896
24600, 0.955615, 0.0110976
25100, 0.984221, 0.0397038
25600, 0.92816, 0.016357
26100, 0.936827, 0.00769068
26600, 0.961614, 0.0170971
27100, 0.936339, 0.00817863
27600, 0.950726, 0.00620908
28100, 0.958374, 0.0138571
28600, 0.909326, 0.0351915
29100, 0.957513, 0.0129963
29600, 0.939369, 0.00514864
30100, 0.967369, 0.0228515
30600, 0.934723, 0.00979418
31100, 0.943454, 0.00106361
31600, 0.952216, 0.00769835
32100, 0.974939, 0.0304222
32600, 0.935532, 0.00898527
33100, 0.984256, 0.0397389
33600, 0.950512, 0.00599521
34100, 0.939141, 0.00537596
34600, 0.967718, 0.0232006
35100, 0.951717, 0.0071996
35600, 0.984776, 0.0402587
36100, 0.957671, 0.0131536
36600, 0.940603, 0.00391381
37100, 0.958849, 0.0143317
37600, 0.924637, 0.01988
38100, 0.928834, 0.0156832
38600, 0.923099, 0.021418
39100, 0.963511, 0.0189937
39600, 0.93686, 0.00765681
40100, 0.970032, 0.0255144
40600, 0.950902, 0.00638434
41100, 0.942645, 0.00187213
41600, 0.942533, 0.00198415
42100, 0.952354, 0.00783646
42600, 0.957379, 0.0128622
43100, 0.925069, 0.0194481
43600, 0.92784, 0.0166776
44100, 0.974198, 0.0296805
44600, 0.946055, 0.0015382
45100, 0.961651, 0.0171336
45600, 0.937888, 0.00662955
46100, 0.931722, 0.0127949
46600, 0.926315, 0.0182021
47100, 0.938362, 0.00615561
47600, 0.930752, 0.0137656
48100, 0.908545, 0.0359725
48600, 0.945208, 0.000690476
49100, 0.93875, 0.00576675
49600, 0.953789, 0.00927139
50100, 0.944076, 0.000441509
50600, 0.934747, 0.00977032
51100, 0.933591, 0.0109258
51600, 0.933777, 0.0107399
52100, 0.907088, 0.0374288
52600, 0.933214, 0.011303
53100, 0.955369, 0.010852
53600, 0.942467, 0.00205042
54100, 0.935553, 0.00896377
54600, 0.938382, 0.0061352
55100, 0.947511, 0.00299407
55600, 0.942313, 0.0022044
56100, 0.93894, 0.00557721
56600, 0.93889, 0.00562681
57100, 0.92505, 0.019467
57600, 0.943857, 0.00065982
58100, 0.926531, 0.0179859
58600, 0.937871, 0.00664629
59100, 0.929607, 0.0149099
59600, 0.968299, 0.0237815
60100, 0.946169, 0.00165209
60600, 0.956331, 0.0118137
61100, 0.936889, 0.00762788
61600, 0.959745, 0.0152281
62100, 0.94419, 0.000327138
62600, 0.945346, 0.000828526
63100, 0.928764, 0.0157528
63600, 0.943017, 0.00150057
64100, 0.946884, 0.00236729
64600, 0.927817, 0.0167003
65100, 0.939358, 0.00515873
65600, 0.945685, 0.00116802
66100, 0.948386, 0.00386909
66600, 0.934113, 0.0104039
67100, 0.962941, 0.0184234
67600, 0.945607, 0.00108997
68100, 0.927529, 0.0169883
68600, 0.922186, 0.0223315
69100, 0.934648, 0.00986959
69600, 0.932822, 0.011695
70100, 0.964031, 0.0195137
70600, 0.934206, 0.0103108
71100, 0.95266, 0.00814275
71600, 0.935823, 0.00869371
72100, 0.931222, 0.0132957
72600, 0.963509, 0.018992
73100, 0.937102, 0.007415
73600, 0.943813, 0.000703852
74100, 0.941775, 0.00274267
74600, 0.95879, 0.0142731
75100, 0.947488, 0.00297034
75600, 0.923603, 0.0209143
76100, 0.943469, 0.00104841
76600, 0.939468, 0.00504917
77100, 0.955569, 0.0110515
77600, 0.946906, 0.00238879
78100, 0.941964, 0.002553
78600, 0.955886, 0.0113692
79100, 0.934235, 0.0102826
79600, 0.947053, 0.00253611
80100, 0.953643, 0.00912604
80600, 0.939404, 0.00511278
81100, 0.931215, 0.013302
81600, 0.948623, 0.00410593
82100, 0.928873, 0.0156447
82600, 0.956324, 0.0118067
83100, 0.926703, 0.017814
83600, 0.936046, 0.00847087
84100, 0.947244, 0.00272636
84600, 0.941875, 0.00264217
85100, 0.961475, 0.0169575
85600, 0.930077, 0.0144404
86100, 0.940258, 0.00425904
86600, 0.940106, 0.00441134
87100, 0.956475, 0.0119579
87600, 0.947797, 0.00328009
88100, 0.956764, 0.0122469
88600, 0.935783, 0.00873417
89100, 0.935442, 0.00907531
89600, 0.951272, 0.00675476
90100, 0.946748, 0.0022311
90600, 0.953757, 0.00923937
91100, 0.957273, 0.0127557
91600, 0.940479, 0.00403851
92100, 0.944346, 0.000171602
92600, 0.943866, 0.000651071
93100, 0.933993, 0.0105238
93600, 0.946766, 0.00224851
94100, 0.950827, 0.00630978
94600, 0.943849, 0.000668385
95100, 0.949212, 0.00469451
95600, 0.930417, 0.0141006
96100, 0.939233, 0.00528399
96600, 0.933567, 0.0109506
97100, 0.948284, 0.00376654
97600, 0.934062, 0.010455
98100, 0.92831, 0.0162068
98600, 0.946281, 0.00176414
99100, 0.942586, 0.00193109
99600, 0.950446, 0.00592898